Team Name,Price,Australia: Qualifying,Australia: Grand Prix ,Australia,China: Sprint,China: Qualifying,China: Grand Prix,China,Japan: Qualifying,Japan: Grand Prix ,Japan,Bahrain: Qualifying,Bahrain: Grand Prix ,Bahrain,Saudi Arabia: Qualifying,Saudi Arabia: Grand Prix ,Saudi Arabia,Miami: Sprint,Miami: Qualifying,Miami: Grand Prix,Miami,Imola: Qualifying,Imola: Grand Prix ,Imola,Monaco: Qualifying,Monaco: Grand Prix ,Monaco,Total,Avg,Avg(4d1),Î”Avgs,STDEV,Points per dollar
Mclaren,32.4,29,42,71,9,28,64,101,27,44,71,25,67,92,20,66,86,19,26,73,118,27,55,82,28,55,83,704,88.0,95.7,7.7,15.71,2.72
Mercedes,24.7,12,55,67,11,22,36,69,21,35,56,26,34,60,24,22,46,2,24,25,51,13,-7,6,3,6,9,364,45.5,35.3,-10.2,24.66,1.84
Haas,9.8,-6,20,14,2,1,44,47,6,4,10,1,39,40,1,11,12,15,7,-14,8,-1,-12,-13,8,17,25,143,17.9,15.0,-2.9,19.09,1.82
Ferrari,28.5,17,19,36,16,21,-60,-23,20,36,56,20,53,73,21,43,64,-2,8,28,34,3,64,67,26,45,71,378,47.3,67.3,20.1,32.10,1.66
Red Bull Racing,27.5,13,6,19,16,12,39,67,15,31,46,15,31,46,23,-2,21,10,21,29,60,9,62,71,11,12,23,353,44.1,51.3,7.2,21.10,1.60
Racing Bulls,11.2,11,-21,-10,13,16,13,42,9,5,14,1,21,22,3,15,18,4,3,-13,-6,7,17,24,17,14,31,135,16.9,24.3,7.5,17.58,1.51
Williams,17.1,16,-6,10,-4,6,24,26,7,12,19,8,5,13,10,17,27,-15,19,27,31,19,23,42,6,10,16,184,23.0,33.3,10.3,10.58,1.35
Aston Martin,9.3,3,-2,1,7,3,-6,4,1,8,9,1,17,18,1,10,11,2,-1,12,13,19,-5,14,9,-13,-4,66,8.3,12.7,4.4,7.36,0.89
Kick Sauber,5.7,1,2,3,0,1,11,12,-1,1,0,-1,-21,-22,-1,11,10,9,1,-1,9,1,12,13,1,6,7,32,4.0,10.7,6.7,11.39,0.70
Alpine,7.1,7,-21,-14,10,-1,-15,-6,1,8,9,11,11,22,7,-13,-6,12,1,-3,10,6,4,10,-1,-10,-11,14,1.8,4.7,2.9,12.70,0.25